Pack_ID,DS-A-0-163,DS-A-0-165,DS-A-1-104,DS-A-1-105,DS-A-2-115,DS-A-2-116,DS-A-2-117,DS-A-3-127,DS-A-3-128,DS-A-3-129,DS-A-4-139,DS-A-4-140,DS-A-4-141,DS-B-0-172,DS-B-0-173,DS-B-0-174,DS-B-1-106,DS-B-1-107,DS-B-1-108,DS-B-2-118,DS-B-2-119,DS-B-2-120,DS-B-3-131,DS-B-3-132,DS-B-4-142,DS-B-4-143,DS-C-1-97,DS-C-1-98,DS-C-1-99,DS-C-2-109,DS-C-2-110,DS-C-2-111,DS-C-3-122,DS-C-3-123,DS-C-4-133,DS-C-4-135,DS-O-0-154,DS-O-0-155,DS-O-0-156,DS-O-1-100,DS-O-1-101,DS-O-1-102,DS-O-2-112,DS-O-2-113,DS-O-3-124,DS-O-3-126,DS-O-4-138,G-A-0-160,G-A-0-161,G-A-0-162,G-A-1-55,G-A-1-56,G-A-1-57,G-A-2-67,G-A-2-68,G-A-2-69,G-A-3-79,G-A-3-80,G-A-3-81,G-A-4-91,G-A-4-92,G-B-0-169,G-B-0-170,G-B-1-58,G-B-1-59,G-B-1-60,G-B-2-71,G-B-3-82,G-B-3-83,G-B-3-84,G-B-4-94,G-B-4-96,G-C-1-49,G-C-1-50,G-C-1-51,G-C-2-61,G-C-2-62,G-C-3-73,G-C-3-74,G-C-3-75,G-C-4-85,G-C-4-87,G-O-0-151,G-O-0-152,G-O-0-153,G-O-1-52,G-O-1-53,G-O-1-54,G-O-2-64,G-O-2-65,G-O-2-66,G-O-3-76,G-O-3-77,G-O-3-78,US-A-0-157,US-A-0-158,US-A-0-159,US-A-1-7,US-A-1-8,US-A-1-9,US-A-2-19,US-A-2-21,US-A-3-31,US-A-3-33,US-A-4-45,US-B-0-166,US-B-0-167,US-B-0-168,US-B-1-10,US-B-1-11,US-B-1-12,US-B-2-22,US-B-2-23,US-B-2-24,US-B-4-46,US-C-0-145,US-C-1-1,US-C-1-3,US-C-2-13,US-C-2-14,US-C-2-15,US-C-3-25,US-C-3-26,US-C-3-27,US-C-4-37,US-C-4-38,US-C-4-39,US-O-0-148,US-O-0-149,US-O-0-150,US-O-1-4,US-O-1-5,US-O-1-6,US-O-2-16,US-O-2-17,US-O-2-18,US-O-3-28,US-O-3-29
DS-A-0-163,0,0.181048411,0.339748284,0.431985449,0.433046654,0.458937553,0.442358612,0.494078326,0.450745114,0.493629806,0.482893651,0.479712543,0.474741485,0.324582601,0.274297323,0.248497867,0.367591761,0.437531248,0.42365112,0.502596362,0.449765448,0.444735845,0.444022521,0.437946932,0.401536425,0.449171528,0.485297251,0.501354196,0.518635349,0.491382922,0.459846845,0.466087094,0.481265319,0.467036433,0.442952357,0.440524297,0.258164446,0.264608508,0.346444375,0.41927361,0.45501367,0.475169962,0.46585643,0.470356689,0.513307755,0.552171618,0.443102721,0.26537207,0.489854323,0.202433087,0.301429614,0.338428583,0.262569949,0.470691121,0.432069443,0.455194089,0.450151154,0.438506667,0.444713781,0.436506698,0.447503567,0.244745612,0.308685669,0.324339993,0.336278427,0.379192161,0.423872206,0.475042436,0.440558774,0.490143685,0.413794957,0.438164091,0.435308009,0.498156246,0.436875206,0.466995737,0.469134566,0.43424335,0.453586745,0.468494652,0.449196159,0.444537834,0.363205445,0.520000026,0.362444541,0.395285214,0.474861208,0.481474048,0.382577361,0.515193393,0.483444163,0.471725221,0.454235017,0.471680633,0.652329694,0.279787272,0.343472719,0.244278474,0.330683916,0.390674966,0.452429991,0.470735111,0.448308113,0.448342341,0.449255996,0.350929232,0.307472425,0.318586569,0.394581117,0.380391588,0.379669215,0.526495546,0.55310108,0.488442967,0.546304208,0.348319753,0.672956358,0.502131849,0.472435019,0.470700219,0.445063082,0.455110522,0.456370428,0.461253953,0.45805959,0.438910972,0.474628601,0.272213334,0.421415885,0.583652801,0.477276683,0.474837834,0.341019109,0.472294448,0.494362805,0.468420781,0.452936123,0.466824666
DS-A-0-165,0.181048411,0,0.247303113,0.34168317,0.345470999,0.395123562,0.359803048,0.439382233,0.378721874,0.430336621,0.410053346,0.404979865,0.408458086,0.256624186,0.236893947,0.195593887,0.278788906,0.34959906,0.33508947,0.436237791,0.370069958,0.387858262,0.379037309,0.36143795,0.335956616,0.384513198,0.41385333,0.42466803,0.448064577,0.426121143,0.396367961,0.402536023,0.414825496,0.403331999,0.367797817,0.361522274,0.205791567,0.232429206,0.286815164,0.335232189,0.383844067,0.405542123,0.397077886,0.382739047,0.425843312,0.471334741,0.36019296,0.233003423,0.464452574,0.204272142,0.191185714,0.254817017,0.196396895,0.39030381,0.350776769,0.366446101,0.377373698,0.356651704,0.363365472,0.366182146,0.361890033,0.208930266,0.261807873,0.239578118,0.254943011,0.28940323,0.336867383,0.406418095,0.366612704,0.426177962,0.345694856,0.375115107,0.35670798,0.421254428,0.364921687,0.39692285,0.390544775,0.357579395,0.386983951,0.395864359,0.374976755,0.377262423,0.370125293,0.490196719,0.311895816,0.307394843,0.389097731,0.399988072,0.300261638,0.434510273,0.402725585,0.389645419,0.370647675,0.388517847,0.619323268,0.291842664,0.353442274,0.148574426,0.231006383,0.312702897,0.36682201,0.379563624,0.370744815,0.363852522,0.370145803,0.290238808,0.217095687,0.304404662,0.324017414,0.325529844,0.31140536,0.439476364,0.465958799,0.425666177,0.482527781,0.31327526,0.59850606,0.44128606,0.404672907,0.401936082,0.377383017,0.384377628,0.388215658,0.39162954,0.39625295,0.38032126,0.410972937,0.22404386,0.395675834,0.531145467,0.395677278,0.391348657,0.255319678,0.38586926,0.413545691,0.394433043,0.365223974,0.384575766
DS-A-1-104,0.339748284,0.247303113,0,0.218718962,0.250324396,0.256223591,0.267734803,0.362310202,0.303036665,0.334572227,0.305635706,0.306063111,0.305740047,0.249549897,0.351245683,0.256867352,0.196234305,0.228087144,0.223161337,0.387121227,0.25545635,0.305019039,0.25503255,0.224213643,0.251134142,0.243327779,0.275013112,0.300926413,0.334302533,0.31812435,0.284970427,0.274699324,0.30043627,0.283296315,0.2464057,0.250333325,0.340441484,0.377605571,0.318085135,0.297604961,0.370906633,0.352242197,0.247917358,0.301032215,0.331518397,0.428803587,0.287642748,0.366434446,0.566283401,0.328553761,0.180032833,0.214177323,0.186701732,0.243493276,0.203765792,0.234354288,0.261189406,0.293057242,0.253177164,0.276884184,0.252058,0.294165302,0.341085046,0.194893733,0.227968097,0.250709723,0.242167535,0.290378136,0.292402284,0.325548971,0.23248761,0.25141425,0.214609273,0.314096578,0.220496162,0.288156107,0.286144912,0.249086462,0.271171841,0.291806179,0.269118364,0.281542777,0.474366637,0.582146996,0.40696003,0.226022807,0.370615325,0.364087439,0.238329945,0.339857823,0.303042061,0.320340286,0.295534006,0.325747828,0.705265337,0.404989841,0.496240666,0.181884469,0.241199001,0.310690073,0.277911975,0.335137977,0.247671597,0.234661104,0.284213105,0.359707235,0.218447943,0.39423321,0.259526545,0.3706619,0.293212915,0.356900441,0.372620055,0.326987997,0.390834939,0.312499029,0.545115205,0.325000988,0.276107619,0.28313474,0.246008237,0.277577618,0.287374589,0.286404144,0.281078522,0.259786742,0.290152775,0.347259193,0.515679114,0.588965509,0.38268739,0.352161455,0.258710251,0.307466299,0.36166123,0.329642143,0.298269573,0.262484921
DS-A-1-105,0.431985449,0.34168317,0.218718962,0,0.180739805,0.274904581,0.220210171,0.341795695,0.269918685,0.221760172,0.255950735,0.236036788,0.269893072,0.317615293,0.440171051,0.353646454,0.195438205,0.093750853,0.213983121,0.277692357,0.236035141,0.304795869,0.322992632,0.25268666,0.280330687,0.260961715,0.256204099,0.265125467,0.261321865,0.275903529,0.33986568,0.290584032,0.313346032,0.330839635,0.296889246,0.307606005,0.429738783,0.466323394,0.391206497,0.208189367,0.315806315,0.244428324,0.24642916,0.192782021,0.190373589,0.34620187,0.216786923,0.4655724,0.665741484,0.430317302,0.310743469,0.280967913,0.317663511,0.200197977,0.221582286,0.17223765,0.268207522,0.236107624,0.203083603,0.276765185,0.243182675,0.396310201,0.425903979,0.289761196,0.280863167,0.291192102,0.196452215,0.251868311,0.254756369,0.295620855,0.293460271,0.308022767,0.224384375,0.225565475,0.270406205,0.311884674,0.255444361,0.287962789,0.306310812,0.283553121,0.279230715,0.287951802,0.568932968,0.677467755,0.489150108,0.207290707,0.32577398,0.293729301,0.241268328,0.256840489,0.181428847,0.227785209,0.240418205,0.275336195,0.793497348,0.496995966,0.593550248,0.299982488,0.349917374,0.422207186,0.148291425,0.226222377,0.226283477,0.18914509,0.236540394,0.444983112,0.301219135,0.486285627,0.272028529,0.442795088,0.354115568,0.193204901,0.210514167,0.222949645,0.349413265,0.39100514,0.610968275,0.2905839,0.280951877,0.301957454,0.308273653,0.286676666,0.290535766,0.300055657,0.310177812,0.32170103,0.307845952,0.450653068,0.606296926,0.643377529,0.27194531,0.283521542,0.257697561,0.190113411,0.249597467,0.282526157,0.232968957,0.187625097
DS-A-2-115,0.433046654,0.345470999,0.250324396,0.180739805,0,0.244023135,0.112198496,0.332877015,0.182286306,0.224003234,0.212642286,0.174900919,0.196056398,0.34154352,0.461773993,0.376040683,0.179320889,0.190264691,0.130780362,0.262110006,0.159786422,0.300895188,0.318235973,0.228526831,0.235047145,0.233101055,0.212669431,0.215278471,0.232097103,0.23627937,0.300190357,0.261992064,0.288526733,0.298267972,0.269371088,0.278383243,0.426023618,0.461736978,0.409807335,0.198327764,0.25624403,0.228896008,0.234321978,0.168910887,0.176544953,0.252768611,0.132846195,0.460979306,0.662707728,0.421613413,0.293763546,0.272839151,0.305987238,0.142339301,0.147326745,0.094118613,0.207767363,0.116015217,0.114550526,0.205155181,0.155562785,0.416262452,0.450832892,0.297400715,0.26767054,0.272629252,0.106035898,0.236736148,0.167350108,0.23920689,0.258156956,0.295241026,0.181432864,0.197434851,0.239785923,0.266183972,0.189063153,0.237357455,0.260974305,0.226980948,0.233980598,0.240968496,0.55734852,0.660722625,0.478170407,0.249431017,0.266360089,0.292673655,0.200817111,0.169688654,0.145974311,0.128498447,0.128127462,0.174849733,0.784041933,0.493749897,0.59127054,0.293609665,0.337144787,0.40910903,0.125258454,0.128800913,0.135172309,0.119655853,0.142283199,0.468388274,0.35622439,0.509140182,0.216378082,0.435133249,0.365204947,0.219565349,0.25251118,0.22748019,0.300539347,0.375518083,0.57524148,0.251863889,0.233364444,0.261679034,0.273317845,0.237744623,0.232481202,0.25393471,0.272902557,0.277358676,0.286314089,0.434672261,0.595527212,0.648297791,0.248118113,0.226659719,0.221695313,0.116580653,0.180729963,0.197478855,0.151887777,0.135666259
DS-A-2-116,0.458937553,0.395123562,0.256223591,0.274904581,0.244023135,0,0.228376233,0.281049542,0.192047926,0.253805833,0.217476626,0.236423584,0.189852081,0.396342573,0.516701826,0.426222761,0.230060254,0.28532119,0.251037914,0.321649267,0.18643119,0.233890642,0.210940812,0.192341414,0.208675335,0.142909722,0.160845705,0.18737754,0.224592789,0.194587563,0.230310704,0.165547064,0.225098891,0.226068686,0.22591866,0.230313762,0.476800121,0.491316108,0.439385517,0.336662741,0.328083856,0.306936534,0.150948065,0.299137748,0.294160823,0.351930324,0.234765686,0.50878465,0.6972101,0.458138511,0.362621115,0.334569386,0.341622328,0.163729755,0.180077188,0.238663335,0.150768819,0.2401693,0.200014588,0.207449925,0.199476817,0.466382508,0.508035035,0.348673913,0.293954358,0.351143619,0.242770547,0.238241478,0.215566043,0.220156531,0.256403521,0.239772866,0.196442673,0.219244884,0.205250158,0.227419047,0.20828295,0.232457202,0.219535681,0.231398216,0.224933076,0.233740853,0.578511162,0.715983804,0.531634691,0.312417882,0.415972314,0.377884463,0.260624528,0.27676356,0.228877065,0.273119931,0.2635685,0.275160228,0.847935802,0.526106101,0.629592638,0.362340147,0.393627624,0.47544828,0.235123809,0.308267834,0.195812387,0.188317582,0.238848018,0.519869785,0.374448222,0.559778126,0.235246356,0.467808638,0.392841315,0.340615943,0.339649201,0.242762535,0.271308161,0.35238885,0.528204979,0.19806693,0.177545429,0.205875974,0.179324546,0.217677096,0.210554704,0.203956745,0.222321675,0.218454269,0.195426419,0.479933704,0.636579723,0.700463478,0.362618118,0.345328736,0.337963175,0.258120276,0.293114844,0.258810102,0.281091937,0.229142543
DS-A-2-117,0.442358612,0.359803048,0.267734803,0.220210171,0.112198496,0.228376233,0,0.326867852,0.148004628,0.233922181,0.19673067,0.169427516,0.16995941,0.359212409,0.474612281,0.395266892,0.19059082,0.228315804,0.134036172,0.271660301,0.140423404,0.298134413,0.32304136,0.233902023,0.222731355,0.222994735,0.208098778,0.196444422,0.222157016,0.214879955,0.287380652,0.248186322,0.272509823,0.284893259,0.2748502,0.289426464,0.442210001,0.473591428,0.43890774,0.231819947,0.251566123,0.233156367,0.24578904,0.212513577,0.216711542,0.250953296,0.1265985,0.480279795,0.667430356,0.429338702,0.301656572,0.290373354,0.302945079,0.140331566,0.157420594,0.131936461,0.182359876,0.119105526,0.116846754,0.18663847,0.167662697,0.427300235,0.46614957,0.316754949,0.27379109,0.284551015,0.113063085,0.220389029,0.161621851,0.223919481,0.25976052,0.289990707,0.189583109,0.189457796,0.266387996,0.256799369,0.177797032,0.236675904,0.250775063,0.212820014,0.230489079,0.239093882,0.556308212,0.668471691,0.497811462,0.269831978,0.296132518,0.293277882,0.207601962,0.183038556,0.156091117,0.145051975,0.127854963,0.173265272,0.799669172,0.500303705,0.597200962,0.297624735,0.33667369,0.425213882,0.140101419,0.174738802,0.121064223,0.122679854,0.133768893,0.481386836,0.374290136,0.52684657,0.19701534,0.435237689,0.377187892,0.249232074,0.279835542,0.236181306,0.266867633,0.390755871,0.579226709,0.239053211,0.224763107,0.248315574,0.270281671,0.22821107,0.223050161,0.236401816,0.262533628,0.277284207,0.274298489,0.441024652,0.597661079,0.663824573,0.253701762,0.248227437,0.247282487,0.138065324,0.188743903,0.200589156,0.188789903,0.127451157
DS-A-3-127,0.494078326,0.439382233,0.362310202,0.341795695,0.332877015,0.281049542,0.326867852,0,0.294168288,0.207113428,0.295600309,0.336012855,0.28483865,0.423848801,0.551330997,0.452142069,0.330754665,0.334692042,0.329011407,0.209697335,0.29210348,0.118476391,0.364235225,0.309598355,0.286117562,0.316100493,0.303716259,0.293754605,0.316624276,0.266392884,0.344656587,0.317422925,0.327069334,0.336002765,0.347236147,0.359080977,0.50814679,0.527496205,0.471311283,0.38599044,0.370220316,0.304361599,0.318040864,0.387894035,0.348270355,0.406122406,0.309387394,0.549791565,0.74528683,0.509149151,0.41480522,0.417469083,0.410714734,0.300036003,0.309188103,0.315816149,0.280286551,0.331228053,0.303702577,0.281915629,0.323956124,0.508162839,0.540688121,0.423310426,0.377362921,0.422558442,0.32813788,0.244538323,0.322646655,0.277285893,0.333865085,0.304963177,0.320907421,0.308007099,0.346328016,0.331421069,0.295448835,0.344198502,0.334457071,0.322921415,0.325308138,0.306529257,0.614519127,0.744893353,0.570329365,0.362152001,0.464573226,0.412246334,0.330543639,0.312989363,0.309329382,0.313367722,0.32365149,0.322121891,0.891393458,0.578191458,0.667918832,0.421410815,0.462709116,0.547431448,0.320243824,0.380676345,0.295348965,0.296989422,0.326218965,0.551514727,0.402957005,0.593755967,0.321523405,0.51563602,0.472684203,0.36291341,0.34646553,0.198304469,0.312073998,0.414486062,0.650787159,0.262029787,0.312949862,0.314704211,0.340022874,0.309618725,0.298604953,0.298353806,0.324313881,0.335437217,0.311357361,0.51184756,0.668203304,0.731074011,0.406394126,0.413736452,0.37104471,0.338902073,0.327341431,0.287176906,0.358553182,0.303468864
DS-A-3-128,0.450745114,0.378721874,0.303036665,0.269918685,0.182286306,0.192047926,0.148004628,0.294168288,0,0.223473708,0.179559531,0.184017943,0.132656639,0.371029518,0.49074842,0.408181733,0.216064417,0.278358577,0.193397473,0.264073713,0.146935027,0.265708644,0.30050505,0.228529396,0.221343791,0.18348645,0.189493215,0.17301135,0.201492997,0.172197775,0.264497515,0.214234256,0.23193505,0.251057112,0.25612647,0.284615832,0.458764788,0.480530567,0.462689924,0.263398844,0.247615202,0.22249251,0.227851878,0.239105733,0.250286628,0.263184601,0.15059245,0.494902937,0.680203172,0.438326141,0.338914714,0.304515217,0.326962537,0.169507295,0.206535141,0.215185836,0.148762645,0.152154221,0.154625831,0.189218876,0.167685053,0.438979703,0.479022308,0.325113688,0.267160136,0.297523629,0.174137692,0.196157947,0.148671482,0.190859118,0.262042342,0.281494313,0.2026207,0.189021803,0.273350302,0.241739374,0.1886617,0.252615971,0.234568989,0.216911811,0.22429948,0.228918852,0.561579743,0.686372111,0.508364113,0.289333299,0.326960682,0.290645868,0.202991641,0.221610033,0.184109163,0.18821332,0.18339988,0.194538175,0.829827285,0.520165193,0.607847346,0.336329098,0.365572626,0.459333673,0.180423104,0.230634797,0.150941206,0.171622003,0.168890435,0.493318614,0.389166499,0.542609317,0.16635712,0.436019374,0.367192713,0.282286027,0.309073449,0.22895013,0.232932812,0.375064295,0.549193428,0.190959488,0.200371198,0.230905206,0.255016499,0.217001208,0.207220049,0.215635924,0.239261953,0.252089009,0.23237881,0.452507815,0.608767611,0.665878454,0.268074313,0.266322719,0.2671688,0.187931656,0.207210532,0.20730554,0.206493287,0.17131466
DS-A-3-129,0.493629806,0.430336621,0.334572227,0.221760172,0.224003234,0.253805833,0.233922181,0.207113428,0.223473708,0,0.234088747,0.243003708,0.228715516,0.408778962,0.543659254,0.445477835,0.272048636,0.22442928,0.241314213,0.153960138,0.22495194,0.213990301,0.357490239,0.291755002,0.274567496,0.264054129,0.258833864,0.232598239,0.229746056,0.223606822,0.330082826,0.292338721,0.302500721,0.320303263,0.324260519,0.346831166,0.503063371,0.522678861,0.468442919,0.271697883,0.291635681,0.214569024,0.282536382,0.258279536,0.208744795,0.306110271,0.205792886,0.540578241,0.736268903,0.497570032,0.385439049,0.377423129,0.381591704,0.220200905,0.267717995,0.221333968,0.238747797,0.240527026,0.221391265,0.242080857,0.271111721,0.496126181,0.534578052,0.398387778,0.329545796,0.377636772,0.227056306,0.218989682,0.248518795,0.230890622,0.307323007,0.304830296,0.272924693,0.216416124,0.337959944,0.315274448,0.248718924,0.321099289,0.307559139,0.29230684,0.299717291,0.287468973,0.614551915,0.742236009,0.558981708,0.307016279,0.383654434,0.342986794,0.278816921,0.232871104,0.172309486,0.205111615,0.235220416,0.256380883,0.88630275,0.572017935,0.66374229,0.395340186,0.433868273,0.521491427,0.174861787,0.25515124,0.231251601,0.222443914,0.238843316,0.542524302,0.392880306,0.587984568,0.269837389,0.493848648,0.439612987,0.225238544,0.232280508,0.057858052,0.289778217,0.409302029,0.635462084,0.238259196,0.283151289,0.289366532,0.326772188,0.283624729,0.278014437,0.274974464,0.30479423,0.317341385,0.283862233,0.50834148,0.661364627,0.724507387,0.297864952,0.317239129,0.31714681,0.20721519,0.227108944,0.237325067,0.253882361,0.202230392
DS-A-4-139,0.482893651,0.410053346,0.305635706,0.255950735,0.212642286,0.217476626,0.19673067,0.295600309,0.179559531,0.234088747,0,0.136101148,0.123504513,0.39358663,0.533496792,0.42549479,0.238029599,0.262917807,0.21289747,0.308817056,0.183944916,0.26958603,0.320190462,0.245443222,0.190502949,0.205039016,0.201339596,0.183784965,0.195786073,0.174675531,0.234612926,0.213525676,0.216379444,0.229710836,0.253483999,0.279181446,0.490120174,0.50947766,0.454306216,0.273688443,0.249143213,0.245764542,0.248251064,0.264433192,0.248129205,0.296998888,0.194083583,0.53604389,0.71715154,0.481407915,0.354041213,0.348745686,0.340218873,0.178940325,0.221181139,0.19563886,0.20143156,0.20299213,0.150496342,0.152076924,0.181686193,0.482231424,0.524081451,0.376838704,0.31821533,0.344432737,0.200197358,0.181422106,0.166097606,0.164802704,0.224211805,0.234543901,0.218519049,0.18192844,0.272805061,0.210281546,0.170950263,0.233631892,0.217976736,0.197285374,0.208296298,0.199166684,0.600112176,0.729962167,0.544942494,0.307973395,0.353214919,0.329982013,0.22383489,0.235202,0.176309068,0.219947447,0.215725361,0.238337534,0.867854429,0.554461262,0.648597,0.368579535,0.400992573,0.504259607,0.212118583,0.259435264,0.181605461,0.173216417,0.167459962,0.527892271,0.376517807,0.582830432,0.244427834,0.456507026,0.422308561,0.315843552,0.313483342,0.229284153,0.200403713,0.401666668,0.604935876,0.197239473,0.202551472,0.211347678,0.251118786,0.211054714,0.191456708,0.214301812,0.220718006,0.223714057,0.243867447,0.487685451,0.643360789,0.717916933,0.293628394,0.28410248,0.287029037,0.215117398,0.226910699,0.217992542,0.238610843,0.192919262
DS-A-4-140,0.479712543,0.404979865,0.306063111,0.236036788,0.174900919,0.236423584,0.169427516,0.336012855,0.184017943,0.243003708,0.136101148,0,0.138065236,0.399803932,0.526569137,0.439307635,0.2375712,0.253857027,0.209480973,0.309667425,0.17346374,0.303208297,0.328871078,0.253650627,0.243500042,0.215521626,0.20996663,0.19720683,0.178867977,0.208515503,0.273490609,0.228595283,0.25682279,0.27204138,0.266857168,0.2820524,0.48901992,0.512957754,0.464504922,0.243250811,0.266822691,0.232002461,0.255901143,0.227615743,0.219902958,0.265666251,0.173378523,0.527669913,0.705100258,0.465844334,0.358079193,0.339984654,0.348781569,0.178806672,0.208082457,0.175887551,0.21095398,0.170439343,0.133740734,0.199189361,0.171730674,0.476067782,0.518314713,0.370015857,0.316626288,0.341670655,0.180216293,0.233211161,0.168689666,0.203671004,0.267178564,0.298204628,0.217774334,0.158810224,0.276875896,0.243719211,0.183484992,0.235882596,0.244799444,0.201594016,0.220331948,0.220289962,0.601459399,0.717596414,0.544684452,0.311232984,0.327471286,0.323150631,0.237398953,0.229114214,0.160788029,0.195158618,0.194521335,0.233070016,0.848783711,0.54579544,0.63560201,0.352139671,0.39116995,0.481932033,0.181941648,0.213095067,0.160797581,0.174038394,0.133004145,0.52926636,0.393699241,0.578830999,0.243538483,0.475811237,0.420098004,0.295749087,0.305508436,0.244203315,0.235667502,0.397896295,0.592288693,0.226575573,0.211625559,0.238045169,0.265872941,0.222942993,0.222112811,0.242785065,0.254498815,0.258590796,0.257916327,0.484772399,0.637527046,0.715137322,0.243670559,0.250323023,0.27225709,0.16951856,0.192576688,0.245131819,0.223900048,0.176280058
DS-A-4-141,0.474741485,0.408458086,0.305740047,0.269893072,0.196056398,0.189852081,0.16995941,0.28483865,0.132656639,0.228715516,0.123504513,0.138065236,0,0.396971412,0.526181639,0.435054043,0.241086937,0.271332445,0.212409356,0.292360292,0.151375969,0.272802079,0.298948233,0.229030646,0.195306917,0.181090381,0.177049645,0.149202589,0.186760723,0.149307454,0.225306651,0.190666372,0.204880566,0.215810319,0.240056803,0.269821547,0.485653237,0.506607777,0.459986289,0.284584276,0.24891286,0.227792614,0.231440319,0.253529403,0.247975989,0.27414847,0.171245471,0.528532322,0.715895418,0.470428054,0.373435916,0.342638569,0.351878822,0.157285827,0.197505884,0.195844568,0.164932799,0.166028877,0.129992232,0.157712379,0.159530639,0.476346241,0.517184478,0.365847296,0.304599768,0.338317366,0.197527758,0.179287836,0.14217048,0.14379272,0.247247981,0.255449269,0.199881113,0.15994053,0.254025098,0.197299963,0.151177882,0.224513173,0.204440755,0.178452223,0.204908699,0.194906337,0.600370744,0.723350038,0.540375534,0.317494341,0.346033068,0.338571816,0.222695976,0.212629205,0.162663968,0.201490378,0.192931417,0.208234873,0.8632574,0.552952832,0.639946455,0.368493531,0.406605449,0.498067511,0.204920414,0.238113016,0.136155456,0.157485585,0.169130925,0.527505097,0.388842628,0.577327088,0.205161185,0.456589379,0.408873279,0.303402724,0.30708417,0.228686693,0.177183451,0.388229392,0.578807898,0.159590001,0.18224074,0.192858399,0.235212813,0.197281408,0.17195771,0.185025878,0.211349137,0.209990549,0.220811175,0.488353046,0.643975058,0.711948006,0.288020562,0.275559595,0.285278419,0.192177661,0.204640948,0.206560753,0.23112337,0.176133724
DS-B-0-172,0.324582601,0.256624186,0.249549897,0.317615293,0.34154352,0.396342573,0.359212409,0.423848801,0.371029518,0.408778962,0.39358663,0.399803932,0.396971412,0,0.283373976,0.143632855,0.261679796,0.309075143,0.312260176,0.417880154,0.359249875,0.379437148,0.38084359,0.347660423,0.342041614,0.364984473,0.403318297,0.412127689,0.43479015,0.406515962,0.410484053,0.403094146,0.408229123,0.400555179,0.367029312,0.36721429,0.300253217,0.343535167,0.322254493,0.34013698,0.391717978,0.380405681,0.388473603,0.382422407,0.406280053,0.487499032,0.363616368,0.374726573,0.56098157,0.340293335,0.254951359,0.293699508,0.277789966,0.383387845,0.349428231,0.362290764,0.377587341,0.375309389,0.35586229,0.367814564,0.356344699,0.245325011,0.246978997,0.192429754,0.262164706,0.28268236,0.319960492,0.34978501,0.362015062,0.408573781,0.3220412,0.35320046,0.349667648,0.410514138,0.371178478,0.403725643,0.373742046,0.360943341,0.385139562,0.38568485,0.367307506,0.37696759,0.425651877,0.54964223,0.377890646,0.236842994,0.406798175,0.321633273,0.281297995,0.425622357,0.400847861,0.388897467,0.369972563,0.39301041,0.703128564,0.426849161,0.492490202,0.263142702,0.316760477,0.416152975,0.358454857,0.400572467,0.37132322,0.354099194,0.36327589,0.244484741,0.144033123,0.322137543,0.312840515,0.399556844,0.311499201,0.384800849,0.43377195,0.408899991,0.465795774,0.36146075,0.636027014,0.421855738,0.397730322,0.399886121,0.389706132,0.37524815,0.386183137,0.390083593,0.39241219,0.384112287,0.404004513,0.317068429,0.466047845,0.549355647,0.407234608,0.399223727,0.264333833,0.378691645,0.416993744,0.399027284,0.376191671,0.342956049
DS-B-0-173,0.274297323,0.236893947,0.351245683,0.440171051,0.461773993,0.516701826,0.474612281,0.551330997,0.49074842,0.543659254,0.533496792,0.526569137,0.526181639,0.283373976,0,0.202700167,0.384564731,0.437193646,0.449326708,0.538201848,0.491081598,0.495427969,0.486440082,0.461131033,0.454164492,0.487395825,0.526977846,0.541861387,0.564213752,0.537703708,0.516091647,0.520279685,0.526302777,0.51042207,0.477471599,0.479830405,0.266832911,0.258195466,0.356101885,0.413434165,0.432697382,0.50365163,0.504316128,0.460795879,0.536099896,0.498665006,0.479260537,0.25570955,0.473862236,0.251935404,0.310757644,0.286691064,0.291796083,0.506213158,0.465154083,0.488978458,0.500772222,0.479578304,0.483069461,0.48754285,0.48173461,0.145841059,0.148557242,0.256624098,0.329105802,0.262264589,0.44898824,0.485019203,0.484753417,0.542312991,0.440894705,0.468040222,0.462977823,0.541591661,0.471200942,0.516848433,0.51056053,0.471110818,0.497120855,0.511662319,0.490499086,0.491151744,0.323952334,0.424470439,0.276788909,0.376351629,0.387133956,0.375505627,0.381433444,0.551980204,0.529380557,0.509305399,0.493461064,0.467795647,0.601240267,0.318754336,0.354478338,0.278660743,0.261846559,0.316632587,0.485135373,0.45731387,0.490899764,0.479081538,0.496479835,0.199011717,0.276330717,0.193227029,0.414302979,0.324348619,0.256497793,0.518296251,0.562488862,0.542165825,0.597808586,0.422881217,0.610802932,0.548633238,0.5189564,0.520187572,0.495048799,0.494671056,0.504489782,0.509270103,0.505783988,0.490095786,0.51954449,0.259559885,0.332183504,0.440599122,0.46888068,0.415843215,0.339074872,0.506311627,0.539196011,0.514318933,0.440253202,0.476550726
DS-B-0-174,0.248497867,0.195593887,0.256867352,0.353646454,0.376040683,0.426222761,0.395266892,0.452142069,0.408181733,0.445477835,0.42549479,0.439307635,0.435054043,0.143632855,0.202700167,0,0.295456835,0.348881453,0.349326377,0.445352134,0.396834967,0.400946974,0.399975432,0.376094838,0.351144176,0.398056569,0.441227818,0.452095775,0.474644294,0.446202718,0.427611487,0.432572012,0.436090476,0.422399022,0.38613329,0.388798128,0.233375921,0.263860851,0.280284938,0.360183209,0.406801874,0.411409528,0.423506089,0.404462913,0.445719321,0.513144358,0.393190761,0.328368992,0.53937275,0.275785205,0.224618876,0.288727219,0.25464171,0.422451731,0.380533875,0.39879359,0.410736311,0.399365136,0.393957247,0.384731948,0.394225164,0.174547908,0.194652053,0.186926885,0.277298691,0.299297582,0.361791722,0.3760365,0.395463874,0.446415351,0.33490941,0.361949344,0.379834954,0.45048131,0.391326833,0.42738542,0.413947339,0.376888597,0.406056461,0.418951455,0.395993178,0.398612114,0.389561251,0.498774168,0.3241126,0.274227466,0.4254974,0.344191769,0.295278796,0.463094106,0.438842635,0.420331847,0.404651838,0.418794739,0.670464864,0.396704204,0.438733823,0.225881043,0.298427596,0.387679224,0.397329668,0.424087322,0.407739195,0.391118492,0.395065899,0.216984848,0.137374587,0.269016695,0.331872788,0.397490213,0.303437741,0.423867615,0.472538672,0.443833552,0.505730928,0.356102152,0.639960764,0.460235824,0.430615105,0.428076787,0.408788288,0.403008424,0.412984634,0.416928795,0.414933055,0.398617717,0.431869386,0.238000779,0.396211818,0.513532001,0.425234747,0.419055683,0.270195337,0.416066873,0.449141966,0.411877748,0.397800748,0.380539659
DS-B-1-106,0.367591761,0.278788906,0.196234305,0.195438205,0.179320889,0.230060254,0.19059082,0.330754665,0.216064417,0.272048636,0.238029599,0.2375712,0.241086937,0.261679796,0.384564731,0.295456835,0,0.196941631,0.15860175,0.308852134,0.187819638,0.280556515,0.295521279,0.208872902,0.221682918,0.201061704,0.225026937,0.239995459,0.274420728,0.255668743,0.284967501,0.242954476,0.26694434,0.281230231,0.243035597,0.248907856,0.357533351,0.38537763,0.378343511,0.221819624,0.276784097,0.27038974,0.21646074,0.231146794,0.265589184,0.330159563,0.200325012,0.418091568,0.595561321,0.36559381,0.253146631,0.204397249,0.241369367,0.197148777,0.169198701,0.201740065,0.20118289,0.213564324,0.190867359,0.212105002,0.19175059,0.335227074,0.368855298,0.230909555,0.191527667,0.204244936,0.168688753,0.242661344,0.1945087,0.257957099,0.231554127,0.264061532,0.188054747,0.249982654,0.238290809,0.258652036,0.222798853,0.229053386,0.248315966,0.230852352,0.220437087,0.23974503,0.483792512,0.613482718,0.429539313,0.210319046,0.299535756,0.288086686,0.177448445,0.264876584,0.224919325,0.230666277,0.213783325,0.235297151,0.750817176,0.430498486,0.5273363,0.241055885,0.283415815,0.375463391,0.201780667,0.24879544,0.197581884,0.184896439,0.204610468,0.383295574,0.267879135,0.429046323,0.191230575,0.347576748,0.279266681,0.289019247,0.327657483,0.270528648,0.327383523,0.331930451,0.554206996,0.274509016,0.224630349,0.24893329,0.256177953,0.238043872,0.241832819,0.250368568,0.258354914,0.259572986,0.260565989,0.376953731,0.529067677,0.608033794,0.298106463,0.273168283,0.21550187,0.213588314,0.270982278,0.233436238,0.225511907,0.188336843
DS-B-1-107,0.437531248,0.34959906,0.228087144,0.093750853,0.190264691,0.28532119,0.228315804,0.334692042,0.278358577,0.22442928,0.262917807,0.253857027,0.271332445,0.309075143,0.437193646,0.348881453,0.196941631,0,0.211212418,0.279198979,0.251862688,0.299220027,0.311055361,0.233722748,0.266621718,0.266538714,0.251183328,0.259303038,0.259926308,0.263317866,0.338231317,0.288257892,0.310296759,0.317309851,0.286948682,0.298830611,0.422526378,0.458850401,0.367849419,0.193681834,0.303623946,0.240958648,0.250024287,0.197212223,0.199485566,0.360143295,0.234610544,0.464823599,0.675680548,0.435464405,0.319020404,0.293433262,0.334398779,0.21373575,0.229466164,0.174996751,0.286985523,0.250491959,0.215231754,0.285703058,0.256959561,0.391933191,0.426999269,0.286071542,0.265678197,0.276387363,0.204335848,0.25959017,0.263785159,0.288471412,0.294270184,0.287989493,0.221652232,0.223445518,0.259310365,0.313272082,0.241050198,0.278716495,0.290797497,0.272224372,0.268665906,0.275392497,0.551668349,0.666237511,0.475729766,0.204508069,0.307399892,0.303881592,0.242866411,0.2684631,0.190231775,0.23887527,0.245994773,0.284964632,0.81006622,0.512891094,0.603984998,0.31525731,0.36470878,0.436946008,0.170254107,0.234489744,0.245544546,0.197943839,0.25189809,0.443550594,0.294985992,0.48410772,0.262026981,0.443069126,0.363294877,0.199168211,0.196077394,0.232143451,0.346123062,0.39418108,0.618752614,0.278948138,0.271048601,0.295460456,0.302667949,0.270463346,0.281287202,0.292298182,0.294680786,0.307140075,0.292676034,0.436281742,0.591522813,0.647959204,0.267735802,0.279259017,0.24088372,0.20146072,0.259922582,0.291524292,0.234899713,0.205757875
DS-B-1-108,0.42365112,0.33508947,0.223161337,0.213983121,0.130780362,0.251037914,0.134036172,0.329011407,0.193397473,0.241314213,0.21289747,0.209480973,0.212409356,0.312260176,0.449326708,0.349326377,0.15860175,0.211212418,0,0.2636973,0.16436671,0.297005726,0.342412375,0.251018811,0.223339291,0.241704376,0.221799481,0.213661491,0.254076269,0.233553045,0.310354857,0.276826139,0.291938726,0.308034044,0.283940184,0.289892563,0.413841205,0.442503471,0.396914205,0.205190443,0.233825993,0.215388411,0.257733348,0.211177643,0.208672123,0.264642958,0.158002641,0.460848547,0.651657422,0.421173962,0.247798384,0.265313782,0.273660557,0.174818755,0.171164142,0.136547031,0.210712813,0.167310548,0.157390979,0.202175163,0.189986299,0.401212176,0.437789747,0.296372752,0.264536339,0.2646984,0.117122342,0.232458009,0.176960757,0.242330633,0.25546507,0.292747171,0.217769015,0.225535113,0.28646493,0.284211745,0.188132058,0.255374111,0.272733973,0.240847833,0.241392935,0.24477407,0.539359397,0.657295007,0.470678849,0.230273495,0.283838363,0.284312388,0.196665628,0.184479759,0.173238586,0.153061485,0.13031227,0.163473861,0.791278266,0.486062172,0.583940396,0.256338346,0.33050767,0.402889083,0.160747197,0.200340301,0.162695373,0.152588782,0.151470756,0.44557461,0.315300963,0.497106299,0.210146375,0.423312334,0.366285917,0.242745912,0.274952959,0.244126775,0.293100793,0.385852949,0.600055051,0.257783768,0.255311309,0.268387649,0.293134772,0.246184837,0.243032398,0.254043681,0.281051031,0.29179018,0.299017466,0.423076262,0.580896977,0.651859856,0.257415402,0.25214706,0.210445742,0.149590991,0.190993713,0.200305519,0.186864012,0.131601803
DS-B-2-118,0.502596362,0.436237791,0.387121227,0.277692357,0.262110006,0.321649267,0.271660301,0.209697335,0.264073713,0.153960138,0.308817056,0.309667425,0.292360292,0.417880154,0.538201848,0.445352134,0.308852134,0.279198979,0.2636973,0,0.275399027,0.24811027,0.42290729,0.361355688,0.346618329,0.329234003,0.325236812,0.294360214,0.299307799,0.30355317,0.401805157,0.366390102,0.373130016,0.391292073,0.396425788,0.41343312,0.505625177,0.526736958,0.502478477,0.284256906,0.304505217,0.202601711,0.348820445,0.285217906,0.261786117,0.317948506,0.238831621,0.546656289,0.74656707,0.509877623,0.393988298,0.395318948,0.402945151,0.292212023,0.328908271,0.280250099,0.282507596,0.264000128,0.285413561,0.307347475,0.328261484,0.496114597,0.528454635,0.40019538,0.361062475,0.390844567,0.267054055,0.26671207,0.294107679,0.319919249,0.367678845,0.366810679,0.338280901,0.288288323,0.396181517,0.378597219,0.316454768,0.388383155,0.381741621,0.362604946,0.369484945,0.364750186,0.61122651,0.738657589,0.5601218,0.320132538,0.389481208,0.34682436,0.297800889,0.226280084,0.237981617,0.196180997,0.246193757,0.248512482,0.892579427,0.581192188,0.667765094,0.404902023,0.443915757,0.532138859,0.228900373,0.279177601,0.294181648,0.291865304,0.278240555,0.539401525,0.426582206,0.583425208,0.290906469,0.508415017,0.452560902,0.251785251,0.271993346,0.158771012,0.344743562,0.446306833,0.654423379,0.297601044,0.356807339,0.365940894,0.388906431,0.356775723,0.352546154,0.351861883,0.38421986,0.395763465,0.362080028,0.509620333,0.659657014,0.712160096,0.305951521,0.329904276,0.322828258,0.244978653,0.22460126,0.223695451,0.276117717,0.243204664
DS-B-2-119,0.449765448,0.370069958,0.25545635,0.236035141,0.159786422,0.18643119,0.140423404,0.29210348,0.146935027,0.22495194,0.183944916,0.17346374,0.151375969,0.359249875,0.491081598,0.396834967,0.187819638,0.251862688,0.16436671,0.275399027,0,0.271354926,0.304029667,0.221886125,0.205766947,0.184295643,0.195179275,0.164161673,0.231769659,0.201765739,0.230508887,0.190373862,0.215200978,0.222644135,0.211034485,0.250694214,0.450964986,0.479085564,0.43602385,0.267988822,0.27585788,0.245161832,0.222723049,0.246853054,0.236692812,0.266500971,0.135209094,0.49437493,0.680039855,0.446807281,0.311848052,0.296200023,0.309066078,0.133615034,0.159290735,0.179130364,0.1229315,0.154409757,0.149565469,0.160267887,0.133554553,0.440355586,0.481033339,0.328558221,0.277653392,0.304095487,0.150154417,0.19852059,0.169256112,0.214366231,0.232032931,0.259914436,0.188598793,0.208078637,0.248877385,0.200708418,0.151770602,0.201401202,0.195066081,0.189006876,0.191459293,0.1995849,0.572306038,0.692121726,0.508017811,0.273682793,0.344177844,0.319009835,0.187320328,0.191204991,0.172406524,0.170428827,0.160550084,0.178126901,0.817721773,0.51400925,0.614741601,0.312696428,0.353863751,0.441854517,0.155183465,0.227455023,0.138303896,0.137010261,0.160857345,0.490807613,0.362765151,0.540668894,0.200571087,0.438785579,0.378146959,0.277480236,0.301799272,0.225089384,0.238647353,0.369819519,0.565943987,0.209662873,0.169056272,0.17839409,0.208239303,0.178786744,0.175487029,0.175960846,0.212831974,0.224192308,0.23387584,0.456124296,0.615134837,0.678960445,0.305342419,0.286512516,0.273616461,0.18039219,0.214753464,0.171367228,0.217902179,0.12552303
DS-B-2-120,0.444735845,0.387858262,0.305019039,0.304795869,0.300895188,0.233890642,0.298134413,0.118476391,0.265708644,0.213990301,0.26958603,0.303208297,0.272802079,0.379437148,0.495427969,0.400946974,0.280556515,0.299220027,0.297005726,0.24811027,0.271354926,0,0.308879642,0.239388074,0.244721934,0.252873112,0.260188967,0.279870697,0.28617908,0.241335759,0.302544646,0.262451958,0.287166809,0.29109321,0.294890972,0.308943857,0.467237023,0.479442222,0.431965697,0.35574974,0.352317656,0.3242061,0.26510642,0.350836968,0.325889869,0.405879119,0.295346705,0.498207839,0.690864445,0.455888407,0.368276904,0.358530451,0.354791977,0.271690254,0.26717019,0.285181389,0.264795974,0.317795479,0.268056867,0.253382331,0.281491436,0.450473713,0.483665625,0.370002751,0.324069906,0.368721475,0.283329701,0.255634877,0.277115256,0.249420548,0.292560395,0.267852849,0.274880019,0.27765369,0.294159746,0.297967799,0.267931288,0.298051947,0.285288509,0.282330226,0.280136082,0.26237371,0.560814363,0.706338216,0.529146262,0.31767708,0.430823885,0.377745659,0.280396805,0.334067743,0.294393464,0.324404952,0.321169157,0.329073109,0.841328761,0.526495106,0.617510475,0.373020809,0.407807492,0.492249052,0.295633873,0.359276431,0.273149155,0.26440591,0.289864431,0.497005165,0.360297082,0.538482652,0.284678333,0.476385623,0.418146837,0.353434554,0.346158965,0.207561941,0.321044622,0.356448174,0.603664328,0.265443809,0.261915436,0.273686426,0.282767207,0.259169159,0.260990804,0.270211078,0.281205582,0.294736309,0.258810864,0.465086159,0.631555619,0.673877649,0.375033946,0.379208382,0.339250614,0.31982231,0.343480316,0.313141476,0.315264683,0.28864109
DS-B-3-131,0.444022521,0.379037309,0.25503255,0.322992632,0.318235973,0.210940812,0.32304136,0.364235225,0.30050505,0.357490239,0.320190462,0.328871078,0.298948233,0.38084359,0.486440082,0.399975432,0.295521279,0.311055361,0.342412375,0.42290729,0.304029667,0.308879642,0,0.216422701,0.2838425,0.232212646,0.244129494,0.291870256,0.310723762,0.283101833,0.269001901,0.24379634,0.2842075,0.255822403,0.237413865,0.240305515,0.447752992,0.472406058,0.409947768,0.378785392,0.422973049,0.40965679,0.20503816,0.354634931,0.383978499,0.465809089,0.327227291,0.482556609,0.686802984,0.440292435,0.351728902,0.350979632,0.356029622,0.268998874,0.250162018,0.307865997,0.262369075,0.338616414,0.278845318,0.32131664,0.280027265,0.437734769,0.479080092,0.336873735,0.29784119,0.37742858,0.310405991,0.335171496,0.305677637,0.301991954,0.293711871,0.290661414,0.242978948,0.306563264,0.214443144,0.285030196,0.300750518,0.268138932,0.268500192,0.293680318,0.27475123,0.295055742,0.554481315,0.686375674,0.50052274,0.339955069,0.441586811,0.43665745,0.319413729,0.387325389,0.340236932,0.375504797,0.349934503,0.382235925,0.827181219,0.514088486,0.615433001,0.352117638,0.385468623,0.475147126,0.339800458,0.389329226,0.288202204,0.275731333,0.341365705,0.49693544,0.355902424,0.530982691,0.307840337,0.475842023,0.389984608,0.424002217,0.41759818,0.355957211,0.380770588,0.331196108,0.534413904,0.291643283,0.246925113,0.278389418,0.216721386,0.278107527,0.285822927,0.284373716,0.269259271,0.251299816,0.250076767,0.453052293,0.615062859,0.673816687,0.421302535,0.389020186,0.362262856,0.359119831,0.405074449,0.371846249,0.350496388,0.331474421
